aaa
V: 237
1010001000000000000010100010000000000000000000000
0000000000000000000000000000000000000000000000000
0000000000000000100010100010000010100010000010000
0000000000000000000000000000000000000000000000000
0000000000000000000010100010000010100000000000000
0000000000000000000000000000000000000000000000000
0000000000000000000010100010000010100010000010000
0000000000000000000000000000000000000000000000000
1010001010101000100000000000000010100010000010000
0000000000000000000000000000000000000000000000000
0000000010101000100010100000100000000010100010000
0000000000000000000000000000000000000000000000000
0010101010101000100010100000100010100010100010000
0000000000000000000000000000000000000000000000000
0000000000101000100000000000100010100010100010000
0000000000000000000000000000000000000000000000000
0000001000101000101000001000100010100000100010100
0000000000000000000000000000000000000000000000000
1010101000101000101010001010100010100000101000100
0000000000000000000000000000000000000000000000000
1010101010101000000000000000000010100000001000100
0000000000000000000000000000000000000000000000000
0010101010101000101010000000000000000000000000000
0000000000000000000000000000000000000000000000000
0000000000000000000000000000000000000000000000000
0000000000000000000000000000000000000000000000000
0000101010100000101010000010000010100000000000000
0000000000000000000000000000000000000000000000000
1000101010100000000010000010000010100000000000000
0000000000000000000000000000000000000000000000000
1000101010001010001010001010000010101010101000100
0000000000000000000000000000000000000000000000000
1000101010001010001020001010000000000000000000000
0000000000000000000000000000000000000000000000000
0000000000000000001010001000000000000000000000000
0000000000000000000000000000000000000000000000000
0000000000000000000000000000000000101010100010100
0000000000000000000000000000000000000000000000000
0000000000001010101000101000001000101010000000000
0000000000000000000000000000000000000000000000000
0010101000001010101010101000000000101010000010000
0000000000000000000000000000000000000000000000000
0000101000001010101010101000001000000000000000000
0000000000000000000000000000000000000000000000000
0000000000000010101010100000000000000000000000000
0000000000000000000000000000000000000000000000000
0000000000001010100000100000001000001010000010000
0000000000000000000000000000000000000000000000000
1010100000001010101010100000001000001010000010100
