245 250
230 250
45 142
141 25
176 183
186 183
163 47
287 266
98 266
174 293
108 77
203 77
2 20
156 129
251 129
294 275
218 244
200 244
184 27
151 112
43 112
60 112
297 232
103 219
192 219
194 260
26 216
162 216
248 50
109 228
69 228
271 228
131 228
104 100
68 100
171 100
88 100
46 100
16 270
24 195
152 195
31 195
205 195
190 195
73 280
134 137
173 137
144 137
225 137
169 137
180 51
164 264
78 189
106 17
265 99
254 35
13 167
15 175
65 83
153 21
22 21
107 89
242 273
220 136
277 136
221 10
295 123
214 92
148 92
229 157
199 290
95 290
178 243
97 30
166 30
96 30
139 30
61 30
274 30
177 75
208 84
82 66
217 66
37 111
182 81
119 19
11 223
155 223
146 223
193 115
63 115
279 115
118 4
64 71
278 71
255 71
93 201
140 201
56 201
18 201
224 201
241 201
3 135
298 5
191 5
101 5
209 5
42 5
143 102
124 212
116 212
253 202
14 202
86 246
259 246
94 246
76 246
196 87
74 87
7 227
23 198
267 198
236 33
34 33
91 33
70 188
132 188
58 1
28 291
149 286
80 286
55 286
276 286
138 233
249 233
222 6
197 48
257 48
32 207
238 268
130 268
9 268
210 268
261 268
172 282
147 282
282 282
90 90
0 0
268 268
239 239
170 170
207 207
113 113
48 48
288 288
6 6
233 233
286 286
269 269
291 291
122 122
1 1
188 188
150 150
33 33
198 198
227 227
40 40
87 87
296 296
67 67
281 281
125 125
246 246
202 202
212 212
231 231
29 29
102 102
8 8
39 39
181 181
256 256
5 5
135 135
72 72
126 126
54 54
201 54
12 54
71 126
235 126
4 126
41 5
117 5
115 5
223 256
19 181
159 181
81 102
111 102
66 102
187 102
252 102
84 231
79 231
44 231
75 212
38 212
30 202
243 202
290 202
62 202
285 202
234 202
213 202
157 202
92 246
168 246
123 246
10 246
136 246
85 85
121 85
262 85
273 85
89 85
204 85
226 85
21 85
160 85
83 85
175 85
167 85
258 85
35 85
53 85
99 85
133 85
17 85
189 85
264 85
51 85
137 85
263 85
158 85
165 85
280 85
36 85
128 85
195 85
237 85
270 85
100 85
240 85
127 85
292 85
228 85
50 85
216 85
260 85
284 85
219 85
105 85
185 85
120 85
161 85
232 85
112 85
27 85
244 85
154 85
215 85
275 85
110 85
206 85
129 85
299 85
289 85
59 85
20 85
114 85
145 85
77 85
293 85
49 85
283 85
266 85
179 85
47 85
183 90
25 90
57 90
142 90
211 90
250 282
247 276
243 85
243 51
169 85
169 51
46 85
46 51
146 85
146 51
186 85
186 51
132 85
132 51
139 85
139 51
34 85
34 51
123 85
123 51
147 85
147 51
182 85
182 51
61 85
61 51
66 85
66 51
257 85
257 51
91 85
91 51
250 85
250 51
95 85
95 51
115 85
115 51
245 85
245 51
4 85
4 51
200 85
200 51
183 85
183 51
274 85
274 51
230 85
230 51
187 85
187 51
252 85
252 51
18 85
18 264
10 85
10 189
224 85
224 189
241 85
241 189
25 85
25 189
57 85
57 189
142 85
142 189
211 85
211 189
290 85
290 17
62 85
62 17
282 85
282 17
285 85
285 17
136 85
136 17
234 85
234 17
213 85
213 17
157 85
157 53
90 85
90 175
0 85
0 175
268 85
268 21
239 85
239 21
170 85
170 273
207 85
207 273
113 85
113 273
48 85
48 121
288 85
288 121
6 85
6 121
233 85
233 126
286 85
286 72
269 85
269 72
291 85
291 5
122 85
122 5
1 85
1 5
188 85
188 39
150 85
150 102
33 85
33 212
198 85
198 202
227 85
227 202
40 85
40 202
87 85
87 246
296 85
296 246
67 85
67 246
281 85
281 246
125 85
125 246
246 85
246 246
202 85
202 202
212 85
212 212
231 85
231 231
29 85
29 29
102 85
102 102
8 85
8 8
39 85
39 39
181 85
181 39
256 85
256 102
5 85
5 102
135 85
135 102
72 85
72 231
126 85
126 212
54 85
54 212
121 85
121 202
262 85
262 202
273 85
273 202
89 85
89 202
204 85
204 202
226 85
226 202
21 85
21 202
160 85
160 202
83 85
83 246
175 85
175 246
167 85
167 246
258 85
258 246
35 85
35 246
53 85
53 246
99 85
99 246
133 85
133 246
17 85
17 125
189 85
189 125
264 85
264 125
51 85
51 122
137 85
263 85
158 85
165 85
280 85
36 85
128 85
195 85
237 85
270 85
100 47
240 179
127 266
292 266
228 49
50 293
216 59
260 299
284 299
219 110
105 154
185 154
120 154
161 154
232 154
112 154
27 154
244 244
154 154
215 215
275 275
110 110
206 206
129 129
299 299
289 289
59 59
20 20
114 114
145 145
77 77
293 293
49 49
283 283
266 266
179 179
47 47
85 85
280 85
280 85
280 85
280 85
280 85
280 85
280 49
35 85
35 85
35 85
35 85
35 85
35 85
35 49
1 85
1 85
1 85
1 85
1 85
1 85
1 49
53 85
53 85
53 85
53 85
53 85
53 85
53 49
99 85
99 85
99 85
99 85
99 85
99 85
99 49
133 85
133 85
133 85
133 85
133 85
133 85
133 49
36 85
36 85
36 85
36 85
36 85
36 85
36 293
128 85
128 85
128 85
128 85
128 85
128 85
128 293
125 85
125 85
125 85
125 85
125 85
125 85
125 293
48 85
48 85
48 85
48 85
48 85
48 85
48 293
5 85
5 85
5 85
5 85
5 85
5 85
5 293
227 85
227 85
227 85
227 85
227 85
227 85
227 293
135 85
135 85
135 85
135 85
135 85
135 85
135 293
40 85
40 85
40 85
40 85
40 85
40 85
40 293
195 85
195 85
195 85
195 85
195 85
195 85
195 77
237 85
237 85
237 85
237 85
237 85
237 85
237 20
288 85
288 85
288 85
288 85
288 85
288 85
288 20
154 85
154 85
154 85
154 85
154 85
154 85
154 20
215 85
215 85
215 85
215 85
215 85
215 85
215 20
270 85
270 85
270 85
270 85
270 85
270 85
270 59
275 85
275 85
275 85
275 85
275 85
275 85
275 59
121 85
121 85
121 85
121 85
121 85
121 85
121 89
110 85
110 85
110 85
110 85
110 85
110 85
110 89
206 85
206 85
206 85
206 85
206 85
206 85
206 89
262 85
262 85
262 85
262 85
262 85
262 85
262 89
6 85
6 85
6 85
6 85
6 85
6 85
6 289
129 85
129 85
129 85
129 85
129 85
129 85
129 299
246 85
246 85
246 85
246 85
246 85
246 85
246 246
299 85
299 85
299 85
299 85
299 85
299 85
299 299
273 85
273 85
273 85
273 85
273 85
273 85
273 273
289 85
289 85
289 85
289 85
289 85
289 85
289 289
89 85
89 85
89 85
89 85
89 85
89 85
89 89
204 85
204 85
204 85
204 85
204 85
204 85
204 204
226 85
226 85
226 85
226 85
226 85
226 85
226 226
59 85
59 85
59 85
59 85
59 85
59 85
59 59
20 85
20 85
20 85
20 85
20 85
20 85
20 20
21 85
21 85
21 85
21 85
21 85
21 85
21 20
114 85
114 85
114 85
114 85
114 85
114 85
114 20
145 85
145 85
145 85
145 85
145 85
145 85
145 20
160 85
160 85
160 85
160 85
160 85
160 85
160 20
77 85
77 85
77 85
77 85
77 85
77 85
77 20
293 85
293 85
293 85
293 85
293 85
293 85
293 59
49 85
49 85
49 85
49 85
49 85
49 85
49 226
283 85
283 85
283 85
283 85
283 85
283 85
283 226
266 85
266 85
266 85
266 85
266 85
266 85
179 85
179 85
179 85
179 85
179 85
179 85
202 85
202 85
202 85
202 85
202 85
202 85
47 85
47 85
47 85
47 85
47 85
47 85
212 85
212 85
212 85
212 85
212 85
212 102
231 85
231 85
231 85
231 85
231 85
231 102
29 85
29 85
29 85
29 85
29 85
29 102
102 85
102 85
102 85
102 85
102 85
102 102
8 85
8 85
8 85
8 85
8 85
8 8
39 85
39 85
39 85
39 85
39 85
39 39
85 85
85 85
85 85
85 85
85 85
85 85
32 85
32 85
32 85
32 85
32 85
32 85
32 85
32 85
32 85
32 85
32 85
32 85
32 127
10 85
10 85
10 85
10 85
10 85
10 85
10 85
10 85
10 85
10 85
10 85
10 85
10 127
184 85
184 85
184 85
184 85
184 85
184 85
184 85
184 85
184 85
184 85
184 85
184 85
184 127
214 85
214 85
214 85
214 85
214 85
214 85
214 85
214 85
214 85
214 85
214 85
214 85
214 228
37 85
37 85
37 85
37 85
37 85
37 85
37 85
37 85
37 85
37 85
37 85
37 85
37 228
