#############################
#.TD.DD..LD.R.T..DRTT.T.T.LL#
#DTTTTT.R.TDLDRDLLL.TLTR....#
#D..R..RRD..RL.LRTL.TLL.DRDL#
#.R..LL.DLD..RD.D..TLDRD.RR.#
#LTRTTDD.RTT.LRD..LD.TDLR.DD#
#.RDTTDDD.RDLTT.LDDTD..LRT..#
#T....T.DLLTRDR....T.DRTLRTR#
#DDLR..TTDRDRTRLRRTL..R.LDDD#
#TDDDLTRTT.TTRRRRRTDLL.LTDRL#
#R.D.TRLDRR.D.RLDTDRDDDTR.L.#
#L.R...DLL.RRTRTD.D.TRDTR.RR#
#.DTL.D.LRD.TRRRD..TRR..TLRL#
#LRTRRD.RRLRDD.L.L.RR.RDL...#
#.L...LR.R.D.T.L.LRLTRT.TRL.#
#.R.....L..LLDLDRLTDLTRT..TT#
#T.TRLRT..L.L...LR..LLR.LTDT#
#.R.D.L.LDRL.LDRDL.TRLR.LTT.#
#TTDDRR.DRR.DR..L.T..T.LRLTR#
#RTRRRRT.TDD.RTLR.RL.R.DR...#
#DDR.DLRLD..D.TDRLDT.LTRL..D#
#L.T.DRTDT..RDL...L.RL.D.DLT#
#.DL.TLTD.L....DL.D.LRRTRR.L#
#D.LTRDT.DLD...DLR.DRDTRDTLD#
#R...RL.LLLR.LD.L..LT.DRD.RL#
#RT...TTLD.DDRD.DRT..TD.R..D#
#LTTR..TDRRD..D.DRLLD..DDRRT#
#LL...L.R.TT.DTDRDD.D.RTRRDD#
#############################
loopCount: 2357
score: 2948
0 0 0 0 0 0 0 0 0 0 0 0 0 0 0 0 0 0 0 0 0 0 0 0 0 0 0 0 0 
0 3 0 2 1 2 4 0 1 1 1 1 5 2 2 2 1 2 0 3 1 1 0 0 1 5 3 6 0 
0 0 0 1 0 1 1 0 0 0 1 4 0 0 0 0 0 1 0 0 0 0 1 0 0 0 1 0 0 
0 2 0 0 0 0 2 0 1 1 0 0 2 0 0 0 1 0 0 1 0 0 2 1 0 1 1 1 0 
0 1 2 1 1 0 3 0 4 1 0 0 2 0 0 0 1 0 1 0 0 0 0 0 1 1 1 1 0 
0 2 1 0 1 1 1 1 2 2 0 0 0 2 0 2 1 1 0 0 0 0 0 0 1 0 1 1 0 
0 2 0 1 1 2 0 1 0 1 1 0 0 0 0 1 0 1 1 0 0 0 0 2 0 0 0 0 0 
0 0 1 2 1 0 2 0 0 1 1 1 1 0 0 1 0 0 0 0 0 0 1 1 0 0 0 0 0 
0 1 0 1 0 0 1 0 3 0 0 1 0 1 0 0 0 0 0 0 2 0 0 1 0 1 0 0 0 
0 0 0 0 0 0 0 1 3 0 2 0 1 2 1 1 1 1 0 1 0 2 0 0 1 0 1 0 0 
0 0 1 0 1 0 1 0 0 0 0 1 0 3 0 0 0 1 1 1 0 2 1 2 2 0 0 3 0 
0 0 1 0 0 0 0 1 0 0 3 0 1 1 1 1 2 0 0 3 0 0 1 0 1 1 0 1 0 
0 4 1 0 0 0 0 0 1 0 0 0 0 0 1 0 1 0 0 0 0 0 0 1 0 0 0 0 0 
0 2 1 0 2 2 0 1 0 1 0 2 0 1 0 0 1 1 0 0 0 0 0 0 1 0 1 3 0 
0 0 0 0 1 2 2 2 0 2 0 0 1 0 0 0 1 3 0 0 1 1 0 0 2 0 1 3 0 
0 1 0 1 0 0 1 0 1 1 0 0 0 0 1 2 0 1 0 1 0 1 1 1 0 1 1 2 0 
0 0 0 1 0 0 1 0 0 0 0 0 0 0 0 1 1 0 0 2 0 1 0 0 0 1 0 2 0 
0 2 0 2 0 0 0 0 1 0 2 0 1 2 2 0 0 0 1 0 0 2 0 0 0 0 0 1 0 
0 1 1 3 0 0 0 1 0 1 0 0 1 0 1 0 0 1 4 1 0 0 1 0 0 1 0 0 0 
0 0 0 1 0 2 0 0 0 2 0 1 1 0 0 0 0 1 2 2 0 0 2 0 1 1 1 3 0 
0 0 2 0 2 0 1 0 0 0 0 1 0 0 1 1 0 1 1 0 1 1 0 0 1 1 1 2 0 
0 1 0 1 1 0 0 1 0 2 0 1 1 0 1 0 1 0 2 2 0 1 0 0 0 3 0 2 0 
0 3 1 1 0 0 2 2 1 3 2 0 0 0 1 1 0 1 2 0 1 1 2 1 0 1 0 1 0 
0 1 0 2 0 0 2 1 0 0 1 1 2 1 0 0 1 0 0 1 0 2 0 0 0 2 1 1 0 
0 2 1 1 0 0 0 1 1 1 0 0 0 1 2 0 1 0 0 0 1 0 0 0 1 1 1 1 0 
0 0 0 0 0 2 1 0 0 0 0 3 0 1 0 1 0 0 1 0 0 0 0 0 0 0 5 1 0 
0 1 0 1 0 0 0 0 0 0 1 0 0 0 0 1 1 1 1 0 2 1 1 0 2 0 0 2 0 
0 1 2 0 2 0 1 2 2 0 1 1 0 1 2 2 2 1 0 0 2 0 0 3 0 1 0 2 0 
0 0 0 0 0 0 0 0 0 0 0 0 0 0 0 0 0 0 0 0 0 0 0 0 0 0 0 0 0 
0 17 13
1 26 8
2 11 4
3 21 15
4 19 9
5 26 1
6 7 10
7 16 7
8 6 3
9 12 26
10 24 18
11 19 6
12 2 13
13 11 5
14 17 22
15 12 12
16 27 9
17 23 27
18 10 14
19 26 22
20 1 24
21 16 17
22 1 12
23 7 8
24 7 16
25 2 23
26 13 3
27 21 3
28 2 7
29 27 27
30 27 26
31 14 8
32 10 11
33 15 5
34 16 6
35 1 15
36 15 16
37 27 1
38 8 23
39 23 15
40 1 1
41 22 18
42 5 7
43 25 10
44 19 21
45 13 5
46 6 9
47 13 17
48 14 1
49 16 23
50 10 24
51 11 26
52 20 23
53 21 13
54 19 6
55 23 7
56 26 6
57 3 5
58 7 10
59 20 18
60 15 2
61 20 22
62 14 7
63 26 7
64 1 2
65 27 27
66 12 15
67 14 7
68 4 2
69 18 2
70 1 27
71 3 1
72 7 22
73 26 4
74 7 20
75 25 5
76 20 27
77 9 22
78 18 6
79 23 22
80 21 25
81 18 5
82 15 1
83 14 11
84 27 5
85 17 11
86 7 3
87 21 27
88 12 27
89 7 1
90 13 10
91 4 7
92 10 8
93 1 7
94 15 20
95 14 1
96 23 18
97 7 26
98 25 9
99 9 23
100 23 14
101 19 21
102 1 12
103 25 1
104 4 10
105 8 14
106 14 1
107 8 21
108 23 1
109 14 1
110 22 9
111 10 27
112 8 13
113 18 27
114 4 6
115 19 11
116 3 17
117 10 16
118 4 3
119 1 6
120 4 21
121 18 3
122 12 27
123 20 4
124 27 27
125 20 8
126 27 12
127 7 9
128 1 14
129 6 23
130 16 9
131 25 18
132 4 8
133 12 20
134 2 10
135 11 27
136 1 25
137 21 26
138 6 25
139 1 20
140 18 26
141 24 16
142 3 23
143 17 12
144 6 23
145 27 15
146 9 19
147 26 10
148 14 26
149 5 10
150 21 25
151 21 27
152 3 7
153 21 27
154 6 22
155 10 3
156 6 6
157 9 25
158 10 10
159 4 13
160 23 12
161 5 26
162 11 18
163 1 11
164 23 16
165 16 12
166 2 1
167 18 24
168 11 1
169 6 26
170 9 22
171 19 10
172 1 20
173 26 1
174 3 1
175 10 16
176 25 2
177 11 27
178 25 25
179 27 17
180 27 3
181 2 26
182 22 7
183 23 13
184 5 26
185 19 18
186 14 1
187 1 27
188 13 9
189 13 7
190 27 27
191 25 26
192 2 23
193 1 23
194 4 5
195 4 3
196 20 16
197 6 18
198 12 6
199 15 18
200 16 4
201 22 2
202 7 24
203 1 17
204 13 27
205 27 8
206 1 10
207 14 10
208 6 23
209 23 10
210 17 11
211 27 19
212 6 23
213 3 26
214 1 5
215 11 21
216 10 5
217 24 8
218 7 27
219 12 4
220 3 6
221 6 16
222 1 4
223 21 27
224 1 11
225 4 13
226 1 25
227 27 23
228 3 15
229 9 20
230 2 9
231 27 2
232 23 14
233 17 26
234 4 22
235 12 19
236 13 27
237 20 26
238 26 7
239 7 9
240 24 1
241 22 4
242 7 27
243 14 4
244 14 19
245 12 22
246 8 20
247 27 4
248 7 11
249 23 12
250 6 11
251 2 6
252 1 9
253 10 20
254 27 5
255 13 27
256 1 22
257 14 2
258 27 1
259 2 15
260 25 27
261 20 17
262 17 11
263 23 2
264 3 22
265 26 5
266 27 1
267 15 1
268 27 11
269 25 1
270 1 15
271 11 16
272 3 21
273 24 20
274 11 3
275 11 5
276 1 1
277 2 27
278 17 11
279 15 6
280 4 23
281 8 27
282 27 2
283 13 3
284 3 12
285 9 24
286 19 27
287 16 27
288 15 11
289 22 14
290 11 22
291 18 15
292 1 25
293 16 5
294 1 9
295 25 21
296 24 17
297 12 1
298 18 20
299 22 11
300 20 19
301 11 4
302 16 24
303 13 27
304 5 13
305 16 6
306 27 5
307 15 18
308 13 4
309 1 1
310 12 16
311 2 9
312 26 2
313 3 20
314 20 1
315 17 25
316 24 14
317 8 18
318 22 22
319 17 4
320 6 5
321 17 14
322 1 13
323 27 27
324 19 3
325 10 25
326 12 15
327 3 26
328 27 11
329 18 27
330 19 17
331 23 19
332 17 9
333 21 4
334 9 27
335 1 17
336 13 12
337 27 15
338 4 11
339 1 10
340 23 19
341 27 20
342 16 12
343 4 26
344 10 2
345 9 22
346 9 15
347 1 1
348 8 2
349 8 7
350 9 17
351 22 2
352 8 2
353 1 13
354 13 17
355 5 1
356 2 27
357 13 1
358 21 4
359 23 4
360 10 6
361 24 4
362 15 14
363 22 26
364 18 8
365 21 6
366 4 18
367 6 1
368 22 2
369 2 27
370 15 15
371 5 1
372 25 21
373 11 25
374 4 23
375 13 26
376 21 1
377 15 21
378 26 1
379 17 6
380 14 20
381 13 27
382 16 4
383 12 26
384 13 24
385 26 1
386 1 17
387 22 10
388 11 1
389 1 7
390 1 10
391 25 21
392 20 9
393 9 21
394 6 16
395 1 27
396 15 25
397 9 1
398 1 26
399 21 1
400 22 3
401 22 12
402 6 25
403 13 8
404 20 23
405 27 17
406 14 11
407 23 3
408 17 11
409 15 13
410 22 13
411 21 17
412 6 10
413 11 27
414 18 10
415 4 6
416 27 8
417 10 3
418 16 19
419 9 16
420 17 16
421 27 6
422 14 1
423 18 18
424 27 3
425 1 8
426 12 23
427 20 11
428 5 25
429 16 21
430 25 4
431 27 17
432 25 1
433 10 18
434 21 12
435 6 14
436 1 7
437 5 12
438 13 27
439 15 27
440 22 24
441 13 11
442 27 16
443 27 25
444 8 20
445 17 27
446 24 27
447 23 11
448 22 6
449 25 3
450 22 27
451 10 26
452 23 2
453 18 21
454 2 11
455 24 4
456 27 27
457 13 27
458 18 11
459 9 22
460 3 27
461 25 27
462 13 8
463 27 13
464 6 8
465 15 17
466 21 1
467 13 25
468 11 25
469 15 19
470 27 6
471 16 7
472 15 8
473 14 1
474 10 1
475 6 27
476 11 14
477 12 1
478 18 17
479 18 14
480 14 17
481 12 8
482 16 11
483 20 12
484 19 18
485 1 15
486 27 19
487 23 17
488 21 9
489 4 11
490 22 21
491 19 16
492 24 2
493 19 25
494 23 24
495 3 18
496 10 26
497 25 26
498 1 27
499 10 5
