4 5
4 5 1 6
1 6 1 7
1 7 0 2
0 2 8 14
8 14 0 8
0 8 0 6
-1
0 7
-1
-1
-1
-1
-1
-1
-1
-1
-1
-1
-1
-1
-1
-1
-1
-1
-1
-1
-1
-1
-1
-1
-1
-1
-1
-1
-1
-1
-1
-1
-1
-1
-1
-1
-1
-1
-1
0 6 1 7
0 7 2 7
-1
-1
-1
-1
-1
-1
-1
-1
-1
-1
-1
-1
-1
-1
-1
-1
-1
-1
-1
-1
-1
-1
-1
-1
-1
-1
-1
-1
-1
-1
-1
-1
-1
-1
-1
-1
-1
-1
-1
-1
-1
-1
-1
1 7 2 8
-1
2 7 1 8
-1
-1
-1
-1
1 8 3 8
2 8 4 8
-1
-1
-1
-1
-1
-1
-1
-1
3 9
-1
-1
-1
-1
-1
-1
-1
-1
-1
-1
-1
3 9 3 7
-1
-1
-1
-1
-1
-1
-1
-1
3 7 4 9
-1
3 8 3 9
-1
-1
-1
-1
-1
-1
3 9 3 8
-1
-1
3 8 5 9
-1
-1
-1
4 8 5 10
-1
4 9 5 11
5 9 5 12
-1
-1
-1
-1
-1
-1
-1
-1
-1
-1
-1
-1
5 10 6 12
5 11 6 13
5 12 7 13
7 14
6 12 6 14
6 13 8 14
6 14 8 15
-1
-1
-1
-1
-1
-1
7 13 8 13
7 14 9 13
-1
-1
8 15 10 13
10 13 8 12
9 13 7 12
-1
-1
-1
-1
7 12 8 15
8 12 9 15
-1
-1
-1
-1
-1
-1
-1
7 13
9 15 6 13
-1
-1
6 13 8 12
7 13 8 11
8 15 9 11
-1
-1
-1
-1
-1
8 14 9 10
-1
8 13 9 9
-1
8 12 9 8
-1
-1
-1
-1
8 11 8 10
-1
-1
-1
-1
-1
-1
-1
-1
-1
-1
-1
-1
8 10 9 12
9 8 9 13
-1
-1
9 9 8 10
-1
9 13 8 11
-1
-1
-1
9 13
8 10 9 14
8 11 8 14
9 10 10 14
8 14 10 15
-1
-1
-1
-1
-1
-1
9 11 9 15
-1
-1
-1
-1
-1
-1
9 12 11 14
9 13 11 13
-1
-1
-1
-1
-1
-1
-1
9 14 11 12
9 15 11 11
10 15 12 11
-1
10 14 12 13
11 14 13 11
12 13 13 10
11 13 13 9
11 12 12 9
12 8
11 11 11 9
11 9 13 8
12 9 12 10
12 10 14 10
-1
-1
12 8 12 9
-1
-1
-1
-1
-1
-1
12 9 12 12
13 8 12 13
12 13 11 11
11 11 13 8
-1
12 12 12 9
12 11 14 11
13 11 14 12
-1
13 8 15 12
-1
15 12 12 8
11 9
14 12 11 8
11 8 12 7
12 7 10 9
14 11 9 9
9 9 10 8
12 8 10 7
10 7 9 8
9 8 11 10
14 10 14 9
-1
-1
11 10 11 8
10 8 13 11
-1
-1
-1
10 9 13 8
-1
-1
-1
11 8 14 10
-1
-1
-1
13 8 12 11
-1
-1
-1
11 8
12 11 10 8
-1
-1
-1
-1
-1
-1
-1
-1
-1
-1
-1
10 8 11 10
11 8 10 10
10 10 11 8
13 11 14 8
13 10 15 9
-1
-1
-1
-1
11 10 15 8
14 10 15 7
15 7 12 10
-1
-1
-1
14 8 11 10
-1
-1
13 8
11 8 13 7
11 9 12 7
-1
-1
-1
11 10 12 6
-1
12 6 15 10
12 7 14 8
-1
-1
-1
-1
-1
-1
-1
-1
-1
12 10 13 10
12 9 13 11
14 8 13 12
15 8 14 12
15 10 15 12
15 9 14 13
14 11
13 12 14 14
14 9 15 14
15 12 13 14
15 14 13 6
-1
13 14 13 5
14 14 12 5
-1
-1
-1
-1
11 5
-1
-1
-1
11 5 12 4
12 4 14 6
14 13 14 5
-1
-1
-1
-1
14 6 15 12
14 5 14 8
-1
12 5 15 13
-1
13 5 12 7
-1
12 7 14 7
13 6 12 8
13 7 11 8
11 8 13 7
15 13 12 7
14 8 13 6
15 12 11 7
-1
-1
-1
13 6 10 7
10 7 14 9
14 7 11 6
14 10
13 7 15 10
13 10 11 5
13 11 15 9
14 12 15 11
-1
14 10 14 12
-1
-1
-1
-1
-1
-1
-1
-1
11 5 14 13
11 6 13 13
11 7 15 8
-1
-1
12 7 13 10
-1
-1
-1
-1
12 8 12 13
15 8 12 14
13 8 12 15
12 15 13 14
13 10 12 12
13 9 11 12
14 9 14 10
15 9 13 10
11 12 12 10
15 13
12 12 15 14
15 10 12 9
15 11 15 12
-1
12 13 13 9
12 10 13 11
15 12 14 9
-1
14 10 15 9
-1
-1
12 9 15 12
15 9 13 12
-1
-1
12 14 14 10
-1
-1
-1
14 8
13 9 12 10
13 11 12 9
13 12 12 14
15 12 14 7
15 14 11 9
15 13 11 8
11 8 12 11
-1
-1
11 9 15 10
14 7 15 9
15 9 15 11
12 11 14 7
-1
14 7 12 11
12 9 15 9
12 14 15 13
13 14 15 14
13 13 12 12
14 8 12 13
-1
-1
15 14 14 14
-1
15 10 14 15
14 15 14 8
15 9 12 14
15 11 13 9
12 14 11 10
11 9
12 13 10 9
10 9 10 10
15 13 11 8
12 12 12 8
12 8 10 11
10 11 13 13
14 14 11 7
14 8 10 7
10 7 13 11
13 10 15 10
10 10 10 8
-1
11 6
-1
-1
-1
13 9 10 6
14 9 9 6
9 6 10 10
10 10 12 9
11 10 12 13
-1
-1
10 6 12 14
11 6 11 14
11 7 11 15
10 8 12 15
11 8 11 13
11 9 10 13
11 14 9 13
9 14
11 15 9 15
12 9 8 13
8 13 12 12
14 13 13 12
15 10 13 10
12 11 10 15
-1
-1
12 15 8 15
12 14 7 15
12 10 7 14
7 14 6 15
6 15 14 9
-1
13 13 6 15
14 11 10 14
-1
14 12 5 15
15 9
5 15 11 12
11 12 13 13
12 12 14 13
10 14 15 13
10 15 13 14
-1
-1
13 14 12 12
-1
-1
-1
12 12 10 14
-1
6 15 12 12
7 15 13 14
8 15 11 12
15 12
9 15 15 8
9 14 15 14
11 12 15 15
10 14 15 7
14 8
9 13 14 14
10 13 12 10
11 13 11 10
12 13 14 7
12 12 14 6
14 6 11 11
14 14 13 15
-1
15 12 10 10
11 11 12 11
14 7 10 11
15 9 9 11
13 15 13 8
13 8 9 12
-1
-1
-1
-1
15 7 13 8
15 8 14 15
-1
-1
-1
-1
-1
13 14 11 11
11 10 15 10
12 10 13 9
13 9 14 12
10 10 14 14
12 13
14 15 9 10
9 10 12 10
13 8 12 9
9 12 15 8
9 11 11 9
10 11 13 9
11 9 12 12
12 10 12 8
13 12 11 13
11 11 11 14
12 8 11 15
11 15 10 14
15 8 10 15
14 8 15 9
14 9 10 13
10 13 13 14
15 13 9 15
13 15
9 15 12 15
12 15 15 12
15 12 12 14
13 13 11 15
14 12 10 13
11 14 11 11
11 15 14 12
12 9 11 10
11 10 10 11
9 11
15 15 9 12
9 12 12 15
-1
13 15 11 10
15 9 11 15
10 13 9 12
13 9 8 12
15 10 9 13
14 10 8 13
11 13 8 14
8 12 9 10
13 15
13 10 15 12
13 11 8 12
15 14 15 11
10 14 13 11
8 14 13 10
10 15 11 13
8 12 11 12
11 12 8 12
-1
-1
-1
11 13 11 9
-1
-1
-1
-1
8 12 12 9
11 15 12 8
9 10 13 12
8 13 9 14
12 8 15 14
12 12 11 8
12 13 11 7
9 14 10 7
11 6
9 13 10 6
9 12 12 6
9 11 11 5
10 7 10 5
13 10 13 9
15 11 12 12
10 11 13 8
13 8 13 13
13 13 14 9
14 9 10 4
12 5
-1
10 4 9 6
13 11 8 6
11 5 8 7
8 7 15 15
13 11
15 12 10 4
15 15 9 7
9 7 13 13
14 12 13 5
10 4 14 5
12 12 14 6
15 5
8 6 15 6
9 6 15 7
10 5 13 4
13 4 10 10
10 10 9 6
12 14 9 5
13 9 10 11
10 11 12 7
12 7 15 8
14 13 14 8
14 8 12 13
15 14 11 13
11 13 9 7
9 8
14 14 9 4
15 5 8 4
9 8 7 4
12 9 12 12
7 4 14 7
7 4
13 11 7 5
14 7 14 15
14 15 7 3
13 12 13 6
12 5 6 4
13 5 5 4
12 15 5 5
13 15 5 6
5 6 10 8
7 5 8 6
7 3 8 5
9 4 10 11
9 5 9 11
15 5
9 11 12 9
12 9 11 13
14 5 10 13
13 14 9 13
9 7 11 14
9 13 12 14
11 14 13 14
13 13 12 7
12 7 11 5
5 5 11 4
11 4 14 5
12 8
5 4 13 8
13 8 6 3
13 14 12 7
12 14 10 12
14 5 5 4
11 7 4 4
12 13 3 4
6 3 4 3
-1
3 4 3 3
-1
12 9
-1
-1
-1
-1
15 5 6 3
14 7
10 8 9 4
9 4 11 12
10 11 13 5
15 6 8 7
13 5 7 7
11 8 6 2
11 13 12 13
14 8
15 7 8 3
3 3 9 3
4 3 10 3
4 4 8 2
10 3 5 3
7 5
5 4 13 12
13 12 11 7
15 8 13 5
11 7 14 9
12 11 10 5
12 13 10 14
11 5 9 2
10 14 10 7
13 9
6 2 13 10
10 5 11 5
10 13 9 7
9 6 13 4
12 8 13 3
13 3 7 6
8 5 13 12
8 6 7 3
13 13
7 3 14 13
10 12 15 13
13 4 15 14
15 14 15 12
15 12 9 1
5 3 9 0
6 3 10 8
12 7 8 0
8 0 13 14
9 0 12 5
6 4 12 13
15 13 11 13
9 4
8 3 11 14
10 8 10 14
11 5 14 12
12 5 14 11
12 13 6 6
6 6 9 5
14 13 10 15
13 5 10 9
14 11 7 8
7 8 11 15
13 14 10 11
10 9 8 8
9 5 8 9
8 9 6 4
5 4
8 2 11 7
10 6 5 3
11 15 8 2
-1
14 12 14 13
14 13 11 5
11 15
5 3 8 9
8 9 5 3
5 3 13 14
-1
-1
9 1 9 6
9 15
10 11 8 15
8 15 8 9
9 6 15 9
13 14 10 2
13 10 12 8
15 9 9 1
10 14 14 12
12 8 7 2
7 2 10 4
9 1 5 3
10 2 13 8
14 12 5 5
14 9 10 13
8 2 6 7
9 2 11 4
12 4
6 7 6 3
10 7 6 2
11 7 10 6
12 4 14 9
13 8 10 12
5 3 10 10
9 8
10 10 7 8
9 8 7 3
9 3 11 7
7 3 12 10
7 8 9 3
10 12 15 7
13 13 9 8
13 12 10 8
12 12 4 5
8 3
8 3 7 9
4 5 10 5
11 5 4 5
4 5 13 5
-1
11 9 4 5
13 5 9 14
7 9 12 12
-1
-1
10 14
8 9 12 13
9 15 13 12
10 15 9 9
9 9 8 3
9 14 8 2
8 2 14 5
11 15 14 4
6 2 13 7
6 3 13 8
13 8 15 8
11 14 13 13
11 4 11 14
-1
12 12 11 8
7 5 5 6
7 6 15 4
9 7 15 3
15 3 13 10
12 9 6 7
5 6 12 8
8 3 9 2
12 8 9 1
9 1 13 11
12 13 14 11
15 4 15 11
15 11 9 6
14 11 4 6
9 6 4 7
14 4 4 8
14 5 6 8
15 7 12 8
13 13 3 6
11 14 2 6
6 8 2 5
6 7 1 5
14 6 0 5
4 8 0 6
4 7 0 4
0 4 14 12
9 2 10 11
14 12 9 11
9 11 7 3
0 6 11 14
11 14 5 3
12 8 5 2
5 2 6 7
9 3 13 13
13 13 6 6
5 3 10 12
10 12 11 4
6 6 6 8
6 8 1 6
2 5 15 7
15 7 5 6
4 5 1 4
11 4 1 3
6 7 0 3
7 7 1 2
8 7 8 3
8 8 2 2
9 8 5 3
8 3 12 5
0 3 10 15
10 8 11 15
11 8 9 14
11 7 13 8
14 7 6 6
14 9 5 7
6 6 13 5
12 5 5 2
13 5 3 5
3 5 11 14
10 15 12 14
10 13 7 5
-1
15 8 8 3
14 8 0 2
0 2 14 9
0 5 9 15
14 9 0 6
0 6 12 15
8 3 0 3
12 15 9 11
9 11 6 7
2 2 6 3
1 2 8 5
6 3 14 6
7 3 8 15
8 5 3 5
10 11 3 4
3 4 2 3
11 15 3 3
7 5 7 15
7 15 3 2
5 2 8 14
5 3 8 13
6 7 7 13
7 13 10 12
3 5 10 10
0 3 10 9
9 15 14 5
10 9 14 11
10 10 13 14
3 2 1 7
1 7 9 12
-1
-1
-1
-1
-1
-1
-1
-1
